0.0 0.0 0
0.005005005005005005 0.0347513330723785 0
0.01001001001001001 0.048865336236995724 0
0.015015015015015015 0.05958179381708464 0
0.02002002002002002 0.06853829042674017 0
0.025025025025025023 0.0763691345869131 0
0.03003003003003003 0.08339964142513882 0
0.035035035035035036 0.08982306562776952 0
0.04004004004004004 0.09576532552280498 0
0.04504504504504504 0.10131388621163048 0
0.050050050050050046 0.10653243221884741 0
0.055055055055055056 0.111469041760548 0
0.06006006006006006 0.11616106823094774 0
0.06506506506506507 0.12063821810836939 0
0.07007007007007007 0.12492457847603788 0
0.07507507507507508 0.1290400016431174 0
0.08008008008008008 0.13300107974605138 0
0.08508508508508508 0.1368218486317655 0
0.09009009009009009 0.14051430762455125 0
0.0950950950950951 0.1440888108258474 0
0.10010010010010009 0.14755436674711603 0
0.1051051051051051 0.15091887123084552 0
0.11011011011011011 0.1541892909623967 0
0.11511511511511513 0.15737180980931076 0
0.12012012012012012 0.1604719467967167 0
0.1251251251251251 0.16349465216200432 0
0.13013013013013014 0.16644438627045793 0
0.13513513513513514 0.16932518498765398 0
0.14014014014014015 0.1721407142454677 0
0.14514514514514515 0.17489431590797744 0
0.15015015015015015 0.1775890465749068 0
0.15515515515515516 0.18022771060794962 0
0.16016016016016016 0.18281288839768384 0
0.16516516516516516 0.1853469606834518 0
0.17017017017017017 0.1878321295796262 0
0.17517517517517517 0.19027043683756262 0
0.18018018018018017 0.19266377977485674 0
0.18518518518518517 0.19501392522607192 0
0.1901901901901902 0.19732252180725135 0
0.1951951951951952 0.19959111073682523 0
0.20020020020020018 0.20182113541531582 0
0.2052052052052052 0.2040139499335367 0
0.2102102102102102 0.20617082665222758 0
0.21521521521521522 0.2082929629740617 0
0.22022022022022023 0.21038148741077756 0
0.2252252252252252 0.21243746503308555 0
0.23023023023023026 0.2144619023784032 0
0.23523523523523523 0.21645575188091934 0
0.24024024024024024 0.21841991587961088 0
0.24524524524524524 0.22035525025233882 0
0.2502502502502502 0.2222625677177963 0
0.2552552552552553 0.22414264084167518 0
0.2602602602602603 0.22599620477880447 0
0.2652652652652653 0.22782395977906114 0
0.2702702702702703 0.2296265734814606 0
0.2752752752752753 0.23140468301790695 0
0.2802802802802803 0.2331588969455574 0
0.2852852852852853 0.23488979702456203 0
0.2902902902902903 0.23659793985603844 0
0.2952952952952953 0.23828385839348026 0
0.3003003003003003 0.2399480633393523 0
0.3053053053053053 0.24159104443735535 0
0.3103103103103103 0.2432132716697298 0
0.3153153153153153 0.2448151963679931 0
0.3203203203203203 0.24639725224463638 0
0.3253253253253253 0.24795985635255124 0
0.3303303303303303 0.24950340997827697 0
0.3353353353353353 0.25102829947456573 0
0.34034034034034033 0.2525348970372266 0
0.34534534534534533 0.254023561430743 0
0.35035035035035034 0.2554946386667305 0
0.35535535535535534 0.25694846263892734 0
0.36036036036036034 0.2583853557180772 0
0.3653653653653654 0.25980562930975215 0
0.37037037037037035 0.26120958437790504 0
0.37537537537537535 0.2625975119366857 0
0.3803803803803804 0.2639696935128427 0
0.38538538538538536 0.2653264015808332 0
0.3903903903903904 0.2666678999725828 0
0.39539539539539537 0.2679944442636783 0
0.40040040040040037 0.2693062821376298 0
0.40540540540540543 0.270603653729704 0
0.4104104104104104 0.271886791951712 0
0.41541541541541543 0.2731559227990269 0
0.4204204204204204 0.27441126564100315 0
0.4254254254254254 0.27565303349588227 0
0.43043043043043044 0.2768814332911871 0
0.4354354354354354 0.2780966661105279 0
0.44044044044044045 0.2792989274276785 0
0.44544544544544545 0.2804884073287146 0
0.4504504504504504 0.2816652907229535 0
0.45545545545545546 0.28282975754337075 0
0.4604604604604605 0.28398198293713695 0
0.46546546546546547 0.2851221374468557 0
0.47047047047047047 0.2862503871830577 0
0.4754754754754754 0.28736689398845583 0
0.4804804804804805 0.28847181559444157 0
0.48548548548548554 0.2895653057702627 0
0.4904904904904905 0.2906475144652985 0
0.4954954954954955 0.2917185879448183 0
0.5005005005005004 0.2927786689195826 0
0.5055055055055055 0.29382789666962883 0
0.5105105105105106 0.2948664071625531 0
0.5155155155155154 0.2958943331665867 0
0.5205205205205206 0.2969118043587444 0
0.5255255255255256 0.29791894742830377 0
0.5305305305305306 0.2989158861758593 0
0.5355355355355356 0.2999027416081828 0
0.5405405405405406 0.3008796320291016 0
0.5455455455455456 0.30184667312659946 0
0.5505505505505506 0.30280397805632975 0
0.5555555555555556 0.30375165752171923 0
0.5605605605605606 0.30468981985083193 0
0.5655655655655656 0.3056185710701512 0
0.5705705705705706 0.30653801497542993 0
0.5755755755755756 0.3074482531997502 0
0.5805805805805806 0.30834938527892497 0
0.5855855855855856 0.3092415087143684 0
0.5905905905905906 0.3101247190335526 0
0.5955955955955956 0.3109991098481643 0
0.6006006006006006 0.3118647729100661 0
0.6056056056056056 0.31272179816516377 0
0.6106106106106106 0.3135702738052746 0
0.6156156156156156 0.31441028631808526 0
0.6206206206206206 0.3152419205352871 0
0.6256256256256256 0.3160652596789669 0
0.6306306306306306 0.3168803854063312 0
0.6356356356356356 0.3176873778528363 0
0.6406406406406406 0.3184863156737934 0
0.6456456456456456 0.3192772760845131 0
0.6506506506506506 0.320060334899053 0
0.6556556556556556 0.3208355665676256 0
0.6606606606606606 0.3216030442127249 0
0.6656656656656657 0.32236283966402185 0
0.6706706706706707 0.3231150234920835 0
0.6756756756756757 0.32385966504095987 0
0.6806806806806807 0.3245968324596877 0
0.6856856856856857 0.3253265927327536 0
0.6906906906906907 0.3260490117095578 0
0.6956956956956957 0.32676415413291915 0
0.7007007007007007 0.3274720836666592 0
0.7057057057057058 0.32817286292230086 0
0.7107107107107107 0.32886655348491667 0
0.7157157157157157 0.3295532159381587 0
0.7207207207207207 0.3302329098885032 0
0.7257257257257257 0.3309056939887378 0
0.7307307307307308 0.33157162596072254 0
0.7357357357357357 0.3322307626174482 0
0.7407407407407407 0.33288315988442335 0
0.7457457457457457 0.3335288728204092 0
0.7507507507507507 0.3341679556375323 0
0.7557557557557558 0.3348004617207918 0
0.7607607607607608 0.3354264436469892 0
0.7657657657657657 0.3360459532030964 0
0.7707707707707707 0.3366590414040852 0
0.7757757757757757 0.3372657585102371 0
0.7807807807807808 0.3378661540439504 0
0.7857857857857858 0.3384602768060637 0
0.7907907907907907 0.3390481748917132 0
0.7957957957957957 0.3396298957057369 0
0.8008008008008007 0.340205485977645 0
0.8058058058058059 0.340774991776171 0
0.8108108108108109 0.34133845852341316 0
0.8158158158158157 0.3418959310085879 0
0.8208208208208208 0.34244745340140076 0
0.8258258258258258 0.3429930692650535 0
0.8308308308308309 0.34353282156889514 0
0.8358358358358359 0.3440667527007312 0
0.8408408408408408 0.3445949044788022 0
0.8458458458458458 0.3451173181634418 0
0.8508508508508508 0.34563403446842345 0
0.8558558558558559 0.3461450935720093 0
0.8608608608608609 0.34665053512770705 0
0.8658658658658659 0.3471503982747468 0
0.8708708708708708 0.34764472164828536 0
0.8758758758758758 0.348133543389347 0
0.8808808808808809 0.3486169011545088 0
0.8858858858858859 0.34909483212533926 0
0.8908908908908909 0.3495673730175969 0
0.8958958958958958 0.3500345600901965 0
0.9009009009009008 0.3504964291539506 0
0.9059059059059059 0.3509530155800921 0
0.9109109109109109 0.35140435430858674 0
0.9159159159159159 0.35185047985623796 0
0.920920920920921 0.35229142632459526 0
0.9259259259259258 0.3527272274076677 0
0.9309309309309309 0.3531579163994508 0
0.9359359359359359 0.353583526201271 0
0.9409409409409409 0.35400408932895394 0
0.945945945945946 0.354419637919822 0
0.9509509509509508 0.35483020373952445 0
0.955955955955956 0.35523581818870587 0
0.960960960960961 0.3556365123095196 0
0.965965965965966 0.35603231679198594 0
0.9709709709709711 0.3564232619802044 0
0.9759759759759759 0.3568093778784216 0
0.980980980980981 0.3571906941569587 0
0.985985985985986 0.3575672401580028 0
0.990990990990991 0.3579390449012676 0
0.9959959959959961 0.3583061370895243 0
1.0010010010010009 0.3586685451140077 0
1.0060060060060059 0.35902629705970124 0
1.011011011011011 0.3593794207105038 0
1.016016016016016 0.35972794355428117 0
1.021021021021021 0.3600718927878063 0
1.026026026026026 0.36041129532158955 0
1.0310310310310309 0.36074617778460494 0
1.0360360360360361 0.3610765665289111 0
1.0410410410410411 0.3614024876341737 0
1.0460460460460461 0.36172396691208875 0
1.0510510510510511 0.36204102991071213 0
1.056056056056056 0.36235370191869537 0
1.0610610610610611 0.3626620079694309 0
1.0660660660660661 0.3629659728451117 0
1.0710710710710711 0.36326562108070176 0
1.0760760760760761 0.36356097696782713 0
1.0810810810810811 0.3638520645585813 0
1.0860860860860861 0.3641389076692554 0
1.0910910910910911 0.36442152988398857 0
1.0960960960960962 0.3646999545583438 0
1.1011011011011012 0.3649742048228113 0
1.1061061061061062 0.36524430358623794 0
1.1111111111111112 0.3655102735391901 0
1.1161161161161162 0.3657721371572449 0
1.1211211211211212 0.3660299167042191 0
1.1261261261261262 0.3662836342353292 0
1.1311311311311312 0.3665333116002911 0
1.1361361361361362 0.36677897044635754 0
1.1411411411411412 0.3670206322212942 0
1.1461461461461462 0.36725831817629884 0
1.1511511511511512 0.3674920493688619 0
1.1561561561561562 0.3677218466655721 0
1.1611611611611612 0.3679477307448665 0
1.1661661661661662 0.36816972209972776 0
1.1711711711711712 0.36838784104033007 0
1.1761761761761762 0.3686021076966323 0
1.1811811811811812 0.368812542020924 0
1.1861861861861862 0.36901916379032074 0
1.1911911911911912 0.36922199260921407 0
1.1961961961961962 0.3694210479116731 0
1.2012012012012012 0.3696163489638026 0
1.2062062062062062 0.36980791486605624 0
1.2112112112112112 0.3699957645555073 0
1.2162162162162162 0.3701799168080755 0
1.2212212212212212 0.37036039024071493 0
1.2262262262262262 0.37053720331356 0
1.2312312312312312 0.37071037433203236 0
1.2362362362362362 0.3708799214489107 0
1.2412412412412412 0.37104586266635986 0
1.2462462462462462 0.3712082158379268 0
1.2512512512512513 0.3713669986704974 0
1.2562562562562563 0.3715222287262202 0
1.2612612612612613 0.37167392342439476 0
1.2662662662662663 0.3718221000433259 0
1.2712712712712713 0.37196677572214665 0
1.2762762762762763 0.37210796746260644 0
1.2812812812812813 0.37224569213083036 0
1.2862862862862863 0.37237996645904614 0
1.2912912912912913 0.37251080704728046 0
1.2962962962962963 0.3726382303650269 0
1.3013013013013013 0.37276225275288405 0
1.3063063063063063 0.3728828904241661 0
1.3113113113113113 0.3730001594664851 0
1.3163163163163163 0.3731140758433057 0
1.3213213213213213 0.3732246553954742 0
1.3263263263263263 0.37333191384272135 0
1.3313313313313313 0.3734358667851392 0
1.3363363363363363 0.3735365297046331 0
1.3413413413413413 0.3736339179663499 0
1.3463463463463463 0.37372804682008126 0
1.3513513513513513 0.37381893140164424 0
1.3563563563563563 0.37390658673423816 0
1.3613613613613613 0.37399102772978055 0
1.3663663663663663 0.37407226919021774 0
1.3713713713713713 0.3741503258088187 0
1.3763763763763763 0.37422521217144267 0
1.3813813813813813 0.37429694275778946 0
1.3863863863863866 0.37436553194262756 0
1.3913913913913913 0.37443099399700475 0
1.3963963963963963 0.37449334308943455 0
1.4014014014014013 0.37455259328706936 0
1.4064064064064064 0.3746087585568491 0
1.4114114114114116 0.37466185276663655 0
1.4164164164164164 0.374711889686331 0
1.4214214214214214 0.37475888298896476 0
1.4264264264264264 0.3748028462517852 0
1.4314314314314314 0.37484379295731496 0
1.4364364364364366 0.37488173649439915 0
1.4414414414414414 0.3749166901592361 0
1.4464464464464464 0.3749486671563885 0
1.4514514514514514 0.3749776805997837 0
1.4564564564564564 0.37500374351369425 0
1.4614614614614616 0.3750268688337062 0
1.4664664664664664 0.3750470694076708 0
1.4714714714714714 0.37506435799664256 0
1.4764764764764764 0.37507874727580187 0
1.4814814814814814 0.37509024983536543 0
1.4864864864864866 0.3750988781814806 0
1.4914914914914914 0.3751046447371077 0
1.4964964964964964 0.37510756184288896 0
1.5015015015015014 0.37510764175800304 0
1.5065065065065064 0.37510489666100943 0
1.5115115115115116 0.37509933865067646 0
1.5165165165165164 0.37509097974680095 0
1.5215215215215216 0.3750798318910121 0
1.5265265265265264 0.37506590694756714 0
1.5315315315315314 0.37504921670413166 0
1.5365365365365367 0.3750297728725505 0
1.5415415415415414 0.375007587089608 0
1.5465465465465467 0.3749826709177746 0
1.5515515515515514 0.37495503584594525 0
1.5565565565565564 0.37492469329016576 0
1.5615615615615617 0.37489165459434826 0
1.5665665665665665 0.3748559310309773 0
1.5715715715715717 0.37481753380180627 0
1.5765765765765765 0.37477647403854153 0
1.5815815815815815 0.3747327628035193 0
1.5865865865865867 0.3746864110903714 0
1.5915915915915915 0.3746374298246825 0
1.5965965965965967 0.3745858298646373 0
1.6016016016016015 0.374531622001659 0
1.6066066066066065 0.37447481696103874 0
1.6116116116116117 0.3744154254025557 0
1.6166166166166165 0.3743534579210897 0
1.6216216216216217 0.37428892504722466 0
1.6266266266266265 0.3742218372478424 0
1.6316316316316315 0.37415220492671153 0
1.6366366366366367 0.3740800384250641 0
1.6416416416416415 0.3740053480221671 0
1.6466466466466467 0.37392814393588614 0
1.6516516516516515 0.37384843632323966 0
1.6566566566566565 0.37376623528094666 0
1.6616616616616617 0.37368155084596744 0
1.6666666666666665 0.37359439299603664 0
1.6716716716716717 0.37350477165018775 0
1.6766766766766765 0.373412696669273 0
1.6816816816816815 0.3733181778564748 0
1.6866866866866868 0.3732212249578098 0
1.6916916916916915 0.3731218476626277 0
1.6966966966966968 0.37302005560410273 0
1.7017017017017015 0.3729158583597182 0
1.7067067067067068 0.37280926545174514 0
1.7117117117117118 0.3727002863477144 0
1.7167167167167166 0.37258893046088337 0
1.7217217217217218 0.3724752071506948 0
1.7267267267267266 0.37235912572323143 0
1.7317317317317318 0.3722406954316635 0
1.7367367367367368 0.3721199254766915 0
1.7417417417417416 0.37199682500698206 0
1.7467467467467468 0.37187140311959865 0
1.7517517517517516 0.37174366886042753 0
1.7567567567567568 0.3716136312245963 0
1.7617617617617618 0.37148129915689004 0
1.7667667667667666 0.3713466815521581 0
1.7717717717717718 0.3712097872557203 0
1.7767767767767766 0.3710706250637643 0
1.7817817817817818 0.37092920372373933 0
1.7867867867867868 0.37078553193474556 0
1.7917917917917916 0.37063961834791725 0
1.7967967967967968 0.37049147156680273 0
1.8018018018018016 0.370341100147737 0
1.8068068068068068 0.3701885126002135 0
1.8118118118118118 0.370033717387247 0
1.8168168168168166 0.3698767229257352 0
1.8218218218218218 0.3697175375868148 0
1.8268268268268266 0.36955616969621247 0
1.8318318318318318 0.36939262753459245 0
1.8368368368368369 0.3692269193378997 0
1.841841841841842 0.36905905329769806 0
1.8468468468468469 0.3688890375615055 0
1.8518518518518516 0.36871688023312466 0
1.8568568568568569 0.3685425893729689 0
1.8618618618618619 0.36836617299838537 0
1.866866866866867 0.3681876390839736 0
1.8718718718718719 0.3680069955619003 0
1.8768768768768767 0.36782425032221033 0
1.8818818818818819 0.3676394112131337 0
1.8868868868868869 0.36745248604139047 0
1.891891891891892 0.3672634825724896 0
1.896896896896897 0.3670724085310253 0
1.9019019019019017 0.3668792716009711 0
1.906906906906907 0.36668407942596815 0
1.911911911911912 0.3664868396096121 0
1.9169169169169171 0.36628755971573557 0
1.921921921921922 0.3660862472686872 0
1.9269269269269267 0.3658829097536081 0
1.931931931931932 0.3656775546167046 0
1.936936936936937 0.3654701892655179 0
1.9419419419419421 0.3652608210691911 0
1.946946946946947 0.3650494573587316 0
1.9519519519519517 0.3648361054272733 0
1.956956956956957 0.3646207725303316 0
1.961961961961962 0.36440346588606 0
1.9669669669669672 0.36418419267550084 0
1.971971971971972 0.363962960042834 0
1.9769769769769767 0.3637397750956224 0
1.981981981981982 0.3635146449050559 0
1.986986986986987 0.36328757650619026 0
1.9919919919919922 0.3630585768981859 0
1.996996996996997 0.3628276530445424 0
2.0020020020020017 0.3625948118733304 0
2.007007007007007 0.36236006027742157 0
2.0120120120120117 0.36212340511471547 0
2.017017017017017 0.36188485320836394 0
2.022022022022022 0.36164441134699354 0
2.027027027027027 0.3614020862849243 0
2.032032032032032 0.36115788474238786 0
2.0370370370370368 0.36091181340574086 0
2.042042042042042 0.3606638789276781 0
2.047047047047047 0.36041408792744284 0
2.052052052052052 0.3601624469910334 0
2.057057057057057 0.35990896267140915 0
2.0620620620620618 0.3596536414886936 0
2.067067067067067 0.35939648993037526 0
2.0720720720720722 0.3591375144515063 0
2.0770770770770772 0.35887672147489924 0
2.0820820820820822 0.35861411739132143 0
2.087087087087087 0.35834970855968706 0
2.0920920920920922 0.35808350130724764 0
2.0970970970970972 0.3578155019297805 0
2.1021021021021022 0.3575457166917742 0
2.1071071071071072 0.3572741518266136 0
2.112112112112112 0.3570008135367614 0
2.1171171171171173 0.3567257079939391 0
2.1221221221221223 0.3564488413393047 0
2.1271271271271273 0.3561702196836293 0
2.1321321321321323 0.3558898491074725 0
2.137137137137137 0.35560773566135406 0
2.1421421421421423 0.35532388536592496 0
2.1471471471471473 0.3550383042121381 0
2.1521521521521523 0.3547509981614133 0
2.1571571571571573 0.35446197314580496 0
2.1621621621621623 0.3541712350681644 0
2.1671671671671673 0.35387878980230353 0
2.1721721721721723 0.35358464319315414 0
2.1771771771771773 0.35328880105692745 0
2.1821821821821823 0.3529912691812706 0
2.1871871871871873 0.3526920533254234 0
2.1921921921921923 0.352391159220371 0
2.1971971971971973 0.35208859256899755 0
2.2022022022022023 0.35178435904623573 0
2.2072072072072073 0.35147846429921703 0
2.2122122122122123 0.3511709139474192 0
2.2172172172172173 0.35086171358281243 0
2.2222222222222223 0.3505508687700045 0
2.2272272272272273 0.3502383850463834 0
2.2322322322322323 0.34992426792226 0
2.2372372372372373 0.3496085228810076 0
2.2422422422422423 0.34929115537920213 0
2.2472472472472473 0.3489721708467585 0
2.2522522522522523 0.34865157468706803 0
2.2572572572572573 0.34832937227713234 0
2.2622622622622623 0.3480055689676974 0
2.2672672672672673 0.34768017008338586 0
2.2722722722722724 0.3473531809228278 0
2.2772772772772774 0.34702460675878966 0
2.2822822822822824 0.34669445283830447 0
2.2872872872872874 0.3463627243827963 0
2.2922922922922924 0.34602942658820807 0
2.2972972972972974 0.3456945646251257 0
2.3023023023023024 0.3453581436389007 0
2.3073073073073074 0.34502016874977315 0
2.3123123123123124 0.3446806450529924 0
2.3173173173173174 0.34433957761893647 0
2.3223223223223224 0.3439969714932313 0
2.3273273273273274 0.34365283169686817 0
2.3323323323323324 0.34330716322631893 0
2.3373373373373374 0.34295997105365295 0
2.3423423423423424 0.34261126012664955 0
2.3473473473473474 0.34226103536891234 0
2.3523523523523524 0.34190930167998024 0
2.3573573573573574 0.34155606393543897 0
2.3623623623623624 0.34120132698703 0
2.3673673673673674 0.3408450956627601 0
2.3723723723723724 0.34048737476700874 0
2.3773773773773774 0.3401281690806346 0
2.3823823823823824 0.339767483361082 0
2.3873873873873874 0.3394053223424839 0
2.3923923923923924 0.33904169073576795 0
2.3973973973973974 0.338676593228757 0
2.4024024024024024 0.33831003448627217 0
2.4074074074074074 0.3379420191502331 0
2.4124124124124124 0.3375725518397582 0
2.4174174174174174 0.3372016371512634 0
2.4224224224224224 0.3368292796585595 0
2.4274274274274275 0.33645548391295027 0
2.4324324324324325 0.33608025444332834 0
2.4374374374374375 0.3357035957562703 0
2.4424424424424425 0.3353255123361307 0
2.4474474474474475 0.3349460086451369 0
2.4524524524524525 0.33456508912348004 0
2.4574574574574575 0.33418275818940885 0
2.4624624624624625 0.3337990202393183 0
2.4674674674674675 0.3334138796478421 0
2.4724724724724725 0.33302734076794066 0
2.4774774774774775 0.33263940793098956 0
2.4824824824824825 0.3322500854468683 0
2.4874874874874875 0.331859377604046 0
2.4924924924924925 0.3314672886696687 0
2.4974974974974975 0.3310738228896434 0
2.5025025025025025 0.3306789844887241 0
2.5075075075075075 0.3302827776705942 0
2.5125125125125125 0.32988520661795134 0
2.5175175175175175 0.32948627549258785 0
2.5225225225225225 0.32908598843547343 0
2.5275275275275275 0.3286843495668357 0
2.5325325325325325 0.3282813629862408 0
2.5375375375375375 0.3278770327726722 0
2.5425425425425425 0.32747136298461 0
2.5475475475475475 0.32706435766010794 0
2.5525525525525525 0.3266560208168724 0
2.5575575575575575 0.32624635645233757 0
2.5625625625625625 0.3258353685437421 0
2.5675675675675675 0.32542306104820484 0
2.5725725725725725 0.32500943790279835 0
2.5775775775775776 0.32459450302462334 0
2.5825825825825826 0.3241782603108834 0
2.5875875875875876 0.32376071363895575 0
2.5925925925925926 0.3233418668664642 0
2.5975975975975976 0.3229217238313508 0
2.6026026026026026 0.32250028835194594 0
2.6076076076076076 0.32207756422704015 0
2.6126126126126126 0.32165355523595174 0
2.6176176176176176 0.321228265138597 0
2.6226226226226226 0.3208016976755585 0
2.6276276276276276 0.3203738565681527 0
2.6326326326326326 0.3199447455184976 0
2.6376376376376376 0.31951436820957885 0
2.6426426426426426 0.3190827283053167 0
2.6476476476476476 0.31864982945063014 0
2.6526526526526526 0.3182156752715037 0
2.6576576576576576 0.31778026937505083 0
2.6626626626626626 0.31734361534957745 0
2.6676676676676676 0.31690571676464635 0
2.6726726726726726 0.3164665771711394 0
2.6776776776776776 0.31602620010131977 0
2.6826826826826826 0.31558458906889436 0
2.6876876876876876 0.3151417475690737 0
2.6926926926926926 0.3146976790786344 0
2.6976976976976976 0.3142523870559785 0
2.7027027027027026 0.3138058749411926 0
2.7077077077077076 0.3133581461561085 0
2.7127127127127126 0.3129092041043607 0
2.7177177177177176 0.3124590521714454 0
2.7227227227227226 0.31200769372477755 0
2.7277277277277276 0.31155513211374924 0
2.7327327327327327 0.3111013706697857 0
2.7377377377377377 0.31064641270640203 0
2.7427427427427427 0.31019026151925816 0
2.747747747747748 0.3097329203862158 0
2.7527527527527527 0.309274392567392 0
2.7577577577577577 0.30881468130521506 0
2.7627627627627627 0.30835378982447725 0
2.7677677677677677 0.30789172133238946 0
2.772772772772773 0.30742847901863374 0
2.7777777777777777 0.3069640660554164 0
2.7827827827827827 0.3064984855975207 0
2.7877877877877877 0.3060317407823575 0
2.7927927927927927 0.3055638347300186 0
2.797797797797798 0.30509477054332623 0
2.8028028028028027 0.3046245513078847 0
2.8078078078078077 0.30415318009213 0
2.8128128128128127 0.30368065994738025 0
2.8178178178178177 0.303206993907885 0
2.822822822822823 0.30273218499087384 0
2.8278278278278277 0.30225623619660613 0
2.8328328328328327 0.30177915050841764 0
2.8378378378378377 0.3013009308927702 0
2.8428428428428427 0.3008215802992982 0
2.847847847847848 0.3003411016608558 0
2.8528528528528527 0.2998594978935647 0
2.8578578578578577 0.29937677189685863 0
2.8628628628628627 0.2988929265535313 0
2.8678678678678677 0.2984079647297814 0
2.872872872872873 0.2979218892752573 0
2.8778778778778777 0.29743470302310293 0
2.8828828828828827 0.29694640879000195 0
2.8878878878878878 0.2964570093762221 0
2.8928928928928928 0.2959665075656589 0
2.897897897897898 0.29547490612587984 0
2.9029029029029028 0.294982207808167 0
2.9079079079079078 0.2944884153475601 0
2.9129129129129128 0.2939935314628995 0
2.9179179179179178 0.29349755885686807 0
2.922922922922923 0.29300050021603247 0
2.9279279279279278 0.2925023582108867 0
2.932932932932933 0.2920031354958908 0
2.937937937937938 0.2915028347095138 0
2.942942942942943 0.29100145847427367 0
2.9479479479479482 0.29049900939677775 0
2.952952952952953 0.2899954900677624 0
2.957957957957958 0.28949090306213354 0
2.962962962962963 0.28898525093900473 0
2.967967967967968 0.2884785362417378 0
2.9729729729729732 0.287970761497981 0
2.977977977977978 0.2874619292197072 0
2.982982982982983 0.28695204190325235 0
2.987987987987988 0.28644110202935413 0
2.992992992992993 0.2859291120631889 0
2.9979979979979983 0.28541607445440814 0
3.003003003003003 0.28490199163717855 0
3.008008008008008 0.2843868660302149 0
3.013013013013013 0.2838707000368202 0
3.018018018018018 0.28335349604491933 0
3.0230230230230233 0.28283525642709684 0
3.028028028028028 0.2823159835406314 0
3.033033033033033 0.2817956797275324 0
3.038038038038038 0.2812743473145738 0
3.0430430430430433 0.28075198861333034 0
3.0480480480480483 0.28022860592021204 0
3.053053053053053 0.27970420151649783 0
3.058058058058058 0.27917877766837007 0
3.063063063063063 0.2786523366269492 0
3.0680680680680683 0.2781248806283263 0
3.0730730730730733 0.27759641189359757 0
3.078078078078078 0.2770669326288967 0
3.083083083083083 0.2765364450254283 0
3.088088088088088 0.2760049512595002 0
3.0930930930930933 0.27547245349255595 0
3.0980980980980983 0.27493895387120804 0
3.103103103103103 0.274404454527268 0
3.108108108108108 0.27386895757778024 0
3.113113113113113 0.27333246512505194 0
3.1181181181181183 0.27279497925668517 0
3.1231231231231233 0.2722565020456078 0
3.128128128128128 0.2717170355501044 0
3.133133133133133 0.2711765818138467 0
3.138138138138138 0.2706351428659241 0
3.1431431431431434 0.2700927207208736 0
3.1481481481481484 0.26954931737871113 0
3.153153153153153 0.26900493482495896 0
3.158158158158158 0.26845957503067686 0
3.163163163163163 0.26791323995249133 0
3.1681681681681684 0.26736593153262456 0
3.1731731731731734 0.26681765169892313 0
3.178178178178178 0.26626840236488647 0
3.183183183183183 0.26571818542969644 0
3.188188188188188 0.2651670027782447 0
3.1931931931931934 0.26461485628116105 0
3.1981981981981984 0.2640617477948412 0
3.203203203203203 0.2635076791614754 0
3.208208208208208 0.2629526522090745 0
3.213213213213213 0.26239666875149803 0
3.2182182182182184 0.2618397305884821 0
3.2232232232232234 0.2612818395056648 0
3.228228228228228 0.2607229972746138 0
3.233233233233233 0.2601632056528532 0
3.238238238238238 0.25960246638388973 0
3.2432432432432434 0.2590407811972381 0
3.2482482482482484 0.25847815180844835 0
3.253253253253253 0.25791457991913075 0
3.258258258258258 0.2573500672169818 0
3.263263263263263 0.2567846153758101 0
3.2682682682682684 0.25621822605556027 0
3.2732732732732734 0.25565090090234044 0
3.278278278278278 0.25508264154844484 0
3.283283283283283 0.2545134496123794 0
3.288288288288288 0.25394332669888786 0
3.2932932932932935 0.25337227439897353 0
3.2982982982982985 0.2528002942899257 0
3.303303303303303 0.25222738793534294 0
3.308308308308308 0.25165355688515684 0
3.313313313313313 0.25107880267565674 0
3.3183183183183185 0.25050312682951187 0
3.3233233233233235 0.24992653085579658 0
3.328328328328328 0.24934901625001213 0
3.333333333333333 0.24877058449411069 0
3.338338338338338 0.248191237056518 0
3.3433433433433435 0.2476109753921564 0
3.3483483483483485 0.24702980094246765 0
3.353353353353353 0.24644771513543484 0
3.358358358358358 0.24586471938560572 0
3.363363363363363 0.24528081509411365 0
3.3683683683683685 0.2446960036487012 0
3.3733733733733735 0.24411028642374083 0
3.378378378378378 0.24352366478025778 0
3.383383383383383 0.24293614006595024 0
3.3883883883883885 0.24234771361521235 0
3.3933933933933935 0.24175838674915495 0
3.3983983983983985 0.2411681607756266 0
3.403403403403403 0.24057703698923483 0
3.408408408408408 0.23998501667136687 0
3.4134134134134135 0.23939210109021164 0
3.4184184184184185 0.23879829150077786 0
3.4234234234234235 0.2382035891449179 0
3.428428428428428 0.23760799525134493 0
3.433433433433433 0.2370115110356559 0
3.4384384384384385 0.2364141377003493 0
3.4434434434434436 0.23581587643484728 0
3.4484484484484486 0.23521672841551428 0
3.453453453453453 0.23461669480567637 0
3.458458458458458 0.23401577675564206 0
3.4634634634634636 0.23341397540272146 0
3.4684684684684686 0.23281129187124494 0
3.4734734734734736 0.23220772727258265 0
3.478478478478478 0.23160328270516428 0
3.483483483483483 0.2309979592544971 0
3.4884884884884886 0.2303917579931853 0
3.4934934934934936 0.22978467998094904 0
3.4984984984984986 0.2291767262646422 0
3.503503503503503 0.22856789787827153 0
3.508508508508508 0.22795819584301477 0
3.5135135135135136 0.2273476211672389 0
3.5185185185185186 0.22673617484651876 0
3.5235235235235236 0.22612385786365408 0
3.528528528528528 0.22551067118868826 0
3.533533533533533 0.22489661577892595 0
3.5385385385385386 0.22428169257895042 0
3.5435435435435436 0.22366590252064164 0
3.5485485485485486 0.2230492465231932 0
3.553553553553553 0.22243172549312976 0
3.558558558558558 0.22181334032432498 0
3.5635635635635636 0.22119409189801723 0
3.5685685685685686 0.22057398108282836 0
3.5735735735735736 0.2199530087347792 0
3.578578578578578 0.21933117569730692 0
3.583583583583583 0.21870848280128163 0
3.5885885885885886 0.2180849308650234 0
3.5935935935935936 0.21746052069431776 0
3.5985985985985987 0.21683525308243332 0
3.603603603603603 0.21620912881013685 0
3.608608608608608 0.21558214864571046 0
3.6136136136136137 0.21495431334496712 0
3.6186186186186187 0.2143256236512664 0
3.6236236236236237 0.21369608029553164 0
3.6286286286286282 0.21306568399626385 0
3.6336336336336332 0.21243443545955892 0
3.6386386386386387 0.21180233537912238 0
3.6436436436436437 0.2111693844362852 0
3.6486486486486487 0.21053558330001887 0
3.6536536536536532 0.2099009326269522 0
3.6586586586586582 0.20926543306138357 0
3.6636636636636637 0.20862908523529844 0
3.6686686686686687 0.20799188976838417 0
3.6736736736736737 0.20735384726804418 0
3.6786786786786783 0.20671495832941256 0
3.683683683683684 0.20607522353536972 0
3.6886886886886887 0.20543464345655715 0
3.6936936936936937 0.20479321865139039 0
3.6986986986986987 0.20415094966607553 0
3.7037037037037033 0.2035078370346223 0
3.708708708708709 0.20286388127885863 0
3.7137137137137137 0.20221908290844476 0
3.7187187187187187 0.20157344242088865 0
3.7237237237237237 0.20092696030155732 0
3.7287287287287283 0.20027963702369378 0
3.733733733733734 0.19963147304842846 0
3.7387387387387387 0.19898246882479514 0
3.7437437437437437 0.1983326247897434 0
3.7487487487487487 0.19768194136815184 0
3.7537537537537533 0.19703041897284224 0
3.758758758758759 0.19637805800459368 0
3.7637637637637638 0.1957248588521547 0
3.7687687687687688 0.19507082189225766 0
3.7737737737737738 0.19441594748963037 0
3.7787787787787783 0.19376023599701173 0
3.783783783783784 0.19310368775516246 0
3.7887887887887888 0.19244630309287927 0
3.793793793793794 0.19178808232700736 0
3.798798798798799 0.1911290257624535 0
3.8038038038038033 0.1904691336921983 0
3.8088088088088092 0.18980840639730961 0
3.813813813813814 0.1891468441469553 0
3.818818818818819 0.18848444719841428 0
3.823823823823824 0.1878212157970899 0
3.8288288288288284 0.1871571501765235 0
3.8338338338338342 0.18649225055840468 0
3.838838838838839 0.18582651715258458 0
3.843843843843844 0.18515995015708797 0
3.848848848848849 0.18449254975812526 0
3.8538538538538534 0.1838243161301047 0
3.8588588588588593 0.1831552494356439 0
3.863863863863864 0.18248534982558268 0
3.868868868868869 0.18181461743899316 0
3.873873873873874 0.18114305240319312 0
3.8788788788788784 0.18047065483375743 0
3.8838838838838843 0.17979742483452876 0
3.888888888888889 0.17912336249762983 0
3.893893893893894 0.17844846790347502 0
3.898898898898899 0.1777727411207812 0
3.9039039039039034 0.1770961822065798 0
3.9089089089089093 0.17641879120622717 0
3.913913913913914 0.17574056815341657 0
3.918918918918919 0.17506151307018897 0
3.923923923923924 0.17438162596694456 0
3.9289289289289284 0.17370090684245276 0
3.9339339339339343 0.17301935568386398 0
3.938938938938939 0.1723369724667213 0
3.943943943943944 0.17165375715496936 0
3.948948948948949 0.17096970970096637 0
3.9539539539539534 0.17028483004549494 0
3.9589589589589593 0.16959911811777156 0
3.963963963963964 0.1689125738354595 0
3.968968968968969 0.16822519710467654 0
3.973973973973974 0.16753698782000703 0
3.9789789789789785 0.1668479458645122 0
3.9839839839839843 0.16615807110974024 0
3.988988988988989 0.1654673634157373 0
3.993993993993994 0.1647758226310561 0
3.998998998998999 0.16408344859276752 0
4.0040040040040035 0.1633902411264705 0
4.009009009009009 0.16269620004630136 0
4.014014014014014 0.16200132515494556 0
4.019019019019019 0.16130561624364537 0
4.0240240240240235 0.16060907309221065 0
4.029029029029029 0.1599116954690299 0
4.034034034034034 0.15921348313107822 0
4.039039039039039 0.15851443582392827 0
4.044044044044044 0.15781455328175928 0
4.0490490490490485 0.1571138352273667 0
4.054054054054054 0.15641228137217256 0
4.059059059059059 0.15570989141623384 0
4.064064064064064 0.15500666504825306 0
4.069069069069069 0.15430260194558634 0
4.0740740740740735 0.1535977017742542 0
4.079079079079079 0.15289196418894996 0
4.084084084084084 0.1521853888330489 0
4.089089089089089 0.1514779753386188 0
4.094094094094094 0.15076972332642624 0
4.0990990990990985 0.15006063240594977 0
4.104104104104104 0.14935070217538488 0
4.109109109109109 0.1486399322216565 0
4.114114114114114 0.14792832212042462 0
4.119119119119119 0.14721587143609574 0
4.1241241241241235 0.14650257972183117 0
4.129129129129129 0.14578844651955497 0
4.134134134134134 0.14507347135996354 0
4.1391391391391394 0.144357653762534 0
4.1441441441441444 0.14364099323553284 0
4.149149149149149 0.1429234892760246 0
4.1541541541541545 0.1422051413698806 0
4.1591591591591595 0.14148594899178718 0
4.1641641641641645 0.14076591160525456 0
4.1691691691691695 0.1400450286626244 0
4.174174174174174 0.13932329960507975 0
4.1791791791791795 0.13860072386265143 0
4.1841841841841845 0.13787730085422784 0
4.1891891891891895 0.13715302998756324 0
4.1941941941941945 0.13642791065928422 0
4.199199199199199 0.1357019422548999 0
4.2042042042042045 0.13497512414880936 0
4.2092092092092095 0.13424745570430868 0
4.2142142142142145 0.13351893627360106 0
4.2192192192192195 0.13278956519780233 0
4.224224224224224 0.13205934180695145 0
4.2292292292292295 0.13132826542001574 0
4.2342342342342345 0.13059633534490186 0
4.2392392392392395 0.12986355087846044 0
4.2442442442442445 0.12912991130649581 0
4.249249249249249 0.12839541590377337 0
4.2542542542542545 0.12766006393402754 0
4.2592592592592595 0.12692385464996808 0
4.2642642642642645 0.12618678729328958 0
4.2692692692692695 0.1254488610946774 0
4.274274274274274 0.12471007527381674 0
4.2792792792792795 0.12397042903939848 0
4.2842842842842845 0.12322992158912788 0
4.2892892892892895 0.12248855210973236 0
4.2942942942942945 0.12174631977696648 0
4.299299299299299 0.12100322375562259 0
4.3043043043043046 0.12025926319953517 0
4.3093093093093096 0.11951443725158997 0
4.314314314314315 0.11876874504373107 0
4.31931931931932 0.11802218569696615 0
4.324324324324325 0.11727475832137693 0
4.32932932932933 0.11652646201612367 0
4.334334334334335 0.11577729586945304 0
4.33933933933934 0.1150272589587044 0
4.344344344344345 0.1142763503503194 0
4.34934934934935 0.11352456909984592 0
4.354354354354355 0.11277191425194592 0
4.35935935935936 0.1120183848404032 0
4.364364364364365 0.11126397988813021 0
4.36936936936937 0.11050869840717278 0
4.374374374374375 0.10975253939871989 0
4.37937937937938 0.10899550185310837 0
4.384384384384385 0.10823758474983021 0
4.38938938938939 0.10747878705753987 0
4.394394394394395 0.10671910773405931 0
4.3993993993994 0.10595854572638624 0
4.404404404404405 0.1051970999707004 0
4.40940940940941 0.10443476939236934 0
4.414414414414415 0.10367155290595526 0
4.41941941941942 0.10290744941522223 0
4.424424424424425 0.10214245781314094 0
4.42942942942943 0.10137657698189785 0
4.434434434434435 0.10060980579289823 0
4.43943943943944 0.09984214310677603 0
4.444444444444445 0.09907358777339595 0
4.44944944944945 0.0983041386318641 0
4.454454454454455 0.0975337945105322 0
4.45945945945946 0.09676255422700288 0
4.464464464464465 0.09599041658813799 0
4.46946946946947 0.09521738039006258 0
4.474474474474475 0.09444344441817229 0
4.47947947947948 0.09366860744714066 0
4.484484484484485 0.09289286824092231 0
4.48948948948949 0.092116225552761 0
4.494494494494495 0.09133867812519494 0
4.4994994994995 0.09056022469006342 0
4.504504504504505 0.08978086396851134 0
4.50950950950951 0.08900059467099737 0
4.514514514514515 0.08821941549729734 0
4.51951951951952 0.08743732513651167 0
4.524524524524525 0.08665432226707086 0
4.52952952952953 0.08587040555674198 0
4.534534534534535 0.08508557366263263 0
4.53953953953954 0.0842998252311976 0
4.544544544544545 0.08351315889824616 0
4.54954954954955 0.08272557328894484 0
4.554554554554555 0.08193706701782513 0
4.55955955955956 0.08114763868878913 0
4.564564564564565 0.0803572868951134 0
4.56956956956957 0.0795660102194568 0
4.574574574574575 0.07877380723386453 0
4.57957957957958 0.07798067649977367 0
4.584584584584585 0.0771866165680197 0
4.58958958958959 0.07639162597884103 0
4.594594594594595 0.07559570326188438 0
4.5995995995996 0.07479884693621128 0
4.604604604604605 0.0740010555103022 0
4.60960960960961 0.07320232748206273 0
4.614614614614615 0.07240266133882847 0
4.61961961961962 0.07160205555737058 0
4.624624624624625 0.07080050860390048 0
4.62962962962963 0.06999801893407619 0
4.634634634634635 0.06919458499300679 0
4.63963963963964 0.06839020521525799 0
4.644644644644645 0.06758487802485608 0
4.64964964964965 0.06677860183529563 0
4.654654654654655 0.06597137504954208 0
4.65965965965966 0.06516319606003804 0
4.664664664664665 0.06435406324870827 0
4.66966966966967 0.063543974986965 0
4.674674674674675 0.06273292963571175 0
4.67967967967968 0.06192092554534999 0
4.684684684684685 0.06110796105578327 0
4.68968968968969 0.060294034496422094 0
4.694694694694695 0.05947914418618864 0
4.6996996996997 0.05866328843352215 0
4.704704704704705 0.05784646553638438 0
4.70970970970971 0.05702867378226338 0
4.714714714714715 0.05620991144817811 0
4.71971971971972 0.055390176800684615 0
4.724724724724725 0.05456946809588038 0
4.72972972972973 0.05374778357940743 0
4.734734734734735 0.05292512148646039 0
4.73973973973974 0.05210148004178754 0
4.744744744744745 0.0512768574596978 0
4.74974974974975 0.05045125194406565 0
4.754754754754755 0.04962466168833418 0
4.75975975975976 0.04879708487552038 0
4.764764764764765 0.04796851967822098 0
4.76976976976977 0.047138964258614975 0
4.774774774774775 0.04630841676846956 0
4.77977977977978 0.045476875349144075 0
4.784784784784785 0.044644338131595296 0
4.78978978978979 0.04381080323638113 0
4.794794794794795 0.042976268773665546 0
4.7997997997998 0.04214073284322325 0
4.804804804804805 0.04130419353444256 0
4.80980980980981 0.04046664892633216 0
4.814814814814815 0.039628097087524156 0
4.81981981981982 0.03878853607627887 0
4.824824824824825 0.03794796394048819 0
4.82982982982983 0.03710637871768209 0
4.834834834834835 0.03626377843503023 0
4.83983983983984 0.035420161109348675 0
4.844844844844845 0.03457552474710231 0
4.84984984984985 0.03372986734441087 0
4.854854854854855 0.03288318688705118 0
4.85985985985986 0.032035481350463205 0
4.864864864864865 0.03118674869975387 0
4.86986986986987 0.03033698688969924 0
4.874874874874875 0.029486193864751396 0
4.87987987987988 0.028634367559042025 0
4.884884884884885 0.02778150589638503 0
4.88988988988989 0.026927606790281625 0
4.894894894894895 0.026072668143925018 0
4.8998998998999 0.025216687850203694 0
4.904904904904905 0.024359663791705365 0
4.90990990990991 0.02350159384072124 0
4.914914914914915 0.022642475859250034 0
4.91991991991992 0.021782307699002648 0
4.924924924924925 0.02092108720140472 0
4.92992992992993 0.020058812197601573 0
4.934934934934935 0.01919548050846258 0
4.93993993993994 0.01833108994458335 0
4.944944944944945 0.017465638306290946 0
4.94994994994995 0.016599123383648808 0
4.954954954954955 0.015731542956457286 0
4.95995995995996 0.014862894794261602 0
4.964964964964965 0.01399317665635216 0
4.96996996996997 0.01312238629177058 0
4.974974974974975 0.012250521439312358 0
4.97997997997998 0.01137757982753191 0
4.984984984984985 0.010503559174744135 0
4.98998998998999 0.009628457189030139 0
4.994994994994995 0.008752271568240981 0
5.0 0.007874999999999861 0
5 0 0
