0.0 0.0 0
0.05050505050505051 0.17118758110637988 0
0.10101010101010102 0.237077432782488 0
0.15151515151515152 0.2853026082023459 0
0.20202020202020204 0.32419641474950517 0
0.25252525252525254 0.356992766051912 0
0.30303030303030304 0.3853549367097664 0
0.3535353535353536 0.41027484005650827 0
0.4040404040404041 0.4324019941742234 0
0.4545454545454546 0.4521903230276998 0
0.5050505050505051 0.4699727315366288 0
0.5555555555555556 0.4860026520347508 0
0.6060606060606061 0.5004788548679621 0
0.6565656565656566 0.5135610921303528 0
0.7070707070707072 0.5253804027223575 0
0.7575757575757576 0.5360461498126278 0
0.8080808080808082 0.5456509743376505 0
0.8585858585858587 0.554274372551903 0
0.9090909090909092 0.5619853377901324 0
0.9595959595959597 0.5688443492839497 0
1.0101010101010102 0.5749048950730705 0
1.0606060606060606 0.5802146558474166 0
1.1111111111111112 0.584816437662704 0
1.1616161616161618 0.5887489157232291 0
1.2121212121212122 0.5920472340025733 0
1.2626262626262628 0.5947434934501751 0
1.3131313131313131 0.5968671530871941 0
1.3636363636363638 0.5984453622676404 0
1.4141414141414144 0.5995032380150528 0
1.4646464646464645 0.6000640981401077 0
1.5151515151515151 0.6001496584626332 0
1.5656565656565657 0.5997802006708968 0
1.6161616161616164 0.598974715990757 0
1.666666666666667 0.5977510287936585 0
1.7171717171717173 0.5961259034645328 0
1.767676767676768 0.5941151372198277 0
1.8181818181818183 0.5917336410694016 0
1.8686868686868687 0.5889955107223561 0
1.9191919191919193 0.5859140889225354 0
1.96969696969697 0.5825020204467647 0
2.0202020202020203 0.5787713007945695 0
2.070707070707071 0.5747333194318691 0
2.121212121212121 0.5703988983151582 0
2.1717171717171717 0.5657783263108465 0
2.2222222222222223 0.5608813900320073 0
2.272727272727273 0.5557174015380204 0
2.3232323232323235 0.5502952232785815 0
2.373737373737374 0.5446232906099054 0
2.4242424242424243 0.5387096321658331 0
2.474747474747475 0.5325618883284545 0
2.5252525252525255 0.5261873280105602 0
2.575757575757576 0.5195928639347532 0
2.6262626262626263 0.5127850665706166 0
2.676767676767677 0.5057701768712332 0
2.7272727272727275 0.49855411793310705 0
2.7777777777777777 0.4911425056886662 0
2.8282828282828287 0.4835406587276784 0
2.878787878787879 0.475753607332775 0
2.929292929292929 0.46778610180460556 0
2.97979797979798 0.45964262014370894 0
3.0303030303030303 0.4513273751488358 0
3.0808080808080813 0.44284432098499665 0
3.1313131313131315 0.4341971592688735 0
3.1818181818181825 0.4253893447142362 0
3.2323232323232327 0.41642409037563966 0
3.282828282828283 0.40730437252479407 0
3.333333333333334 0.398032935190577 0
3.383838383838384 0.3886122943906176 0
3.4343434343434347 0.37904474207968325 0
3.4848484848484853 0.3693323498376907 0
3.535353535353536 0.3594769723180285 0
3.585858585858586 0.3494802504749609 0
3.6363636363636367 0.33934361458716317 0
3.6868686868686873 0.32906828709291736 0
3.7373737373737375 0.31865528525110826 0
3.7878787878787885 0.30810542364092597 0
3.8383838383838387 0.297419316512065 0
3.888888888888889 0.2865973799962077 0
3.93939393939394 0.27563983418966775 0
3.98989898989899 0.26454670511625133 0
4.040404040404041 0.2533178265786468 0
4.090909090909091 0.24195284190599392 0
4.141414141414142 0.2304512056046458 0
4.191919191919192 0.21881218491861257 0
4.242424242424242 0.20703486130564216 0
4.292929292929293 0.19511813183446078 0
4.343434343434343 0.1830607105082427 0
4.3939393939393945 0.17086112951902782 0
4.444444444444445 0.1585177404374337 0
4.494949494949496 0.14602871534169737 0
4.545454545454546 0.1333920478897883 0
4.595959595959596 0.12060555433805403 0
4.646464646464647 0.1076668745096289 0
4.696969696969697 0.09457347271560562 0
4.747474747474748 0.08132263863173951 0
4.7979797979797985 0.06791148813329884 0
4.848484848484849 0.054336964090467677 0
4.8989898989899 0.040595837126554735 0
4.94949494949495 0.02668470634112624 0
5.0 0.012599999999999778 0
5 0 0
