0.0 0.0 0
0.010101010101010102 0.021398447638297485 0
0.020202020202020204 0.029634679097811 0
0.030303030303030304 0.035662826025293234 0
0.04040404040404041 0.040524551843688146 0
0.05050505050505051 0.044624095756489 0
0.06060606060606061 0.0481693670887208 0
0.07070707070707072 0.05128435500706354 0
0.08080808080808081 0.05405024927177793 0
0.09090909090909091 0.05652379037846248 0
0.10101010101010102 0.0587465914420786 0
0.11111111111111112 0.06075033150434385 0
0.12121212121212122 0.06255985685849526 0
0.13131313131313133 0.0641951365162941 0
0.14141414141414144 0.0656725503402947 0
0.15151515151515152 0.06700576872657847 0
0.16161616161616163 0.06820637179220632 0
0.17171717171717174 0.06928429656898788 0
0.18181818181818182 0.07024816722376655 0
0.19191919191919193 0.07110554366049371 0
0.20202020202020204 0.07186311188413383 0
0.21212121212121213 0.07252683198092709 0
0.22222222222222224 0.07310205470783801 0
0.23232323232323235 0.07359361446540365 0
0.24242424242424243 0.07400590425032166 0
0.25252525252525254 0.07434293668127188 0
0.26262626262626265 0.07460839413589926 0
0.27272727272727276 0.07480567028345506 0
0.2828282828282829 0.07493790475188161 0
0.29292929292929293 0.07500801226751347 0
0.30303030303030304 0.07501870730782915 0
0.31313131313131315 0.0749725250838621 0
0.32323232323232326 0.07487183949884464 0
0.33333333333333337 0.07471887859920731 0
0.3434343434343435 0.0745157379330666 0
0.3535353535353536 0.07426439215247846 0
0.36363636363636365 0.0739667051336752 0
0.37373737373737376 0.07362443884029451 0
0.38383838383838387 0.07323926111531692 0
0.393939393939394 0.07281275255584559 0
0.4040404040404041 0.0723464125993212 0
0.4141414141414142 0.07184166492898364 0
0.42424242424242425 0.07129986228939478 0
0.43434343434343436 0.07072229078885581 0
0.4444444444444445 0.07011017375400092 0
0.4545454545454546 0.06946467519225255 0
0.4646464646464647 0.06878690290982269 0
0.4747474747474748 0.06807791132623818 0
0.48484848484848486 0.06733870402072914 0
0.494949494949495 0.06657023604105682 0
0.5050505050505051 0.06577341600132003 0
0.5151515151515152 0.06494910799184415 0
0.5252525252525253 0.06409813332132708 0
0.5353535353535354 0.06322127210890416 0
0.5454545454545455 0.06231926474163838 0
0.5555555555555556 0.06139281321108327 0
0.5656565656565657 0.0604425823409598 0
0.5757575757575758 0.05946920091659687 0
0.5858585858585859 0.058473262725575695 0
0.595959595959596 0.05745532751796362 0
0.6060606060606061 0.056415921893604476 0
0.6161616161616162 0.05535554012312459 0
0.6262626262626263 0.054274644908609185 0
0.6363636363636365 0.05317366808927952 0
0.6464646464646465 0.05205301129695496 0
0.6565656565656566 0.050913046565599265 0
0.6666666666666667 0.04975411689882213 0
0.6767676767676768 0.0485765367988272 0
0.686868686868687 0.047380592759960406 0
0.696969696969697 0.04616654372971134 0
0.7070707070707072 0.04493462153975356 0
0.7171717171717172 0.04368503130937012 0
0.7272727272727273 0.0424179518233954 0
0.7373737373737375 0.04113353588661467 0
0.7474747474747475 0.03983191065638853 0
0.7575757575757577 0.038513177955115746 0
0.7676767676767677 0.037177414564008124 0
0.7777777777777778 0.035824672499525964 0
0.787878787878788 0.03445497927370847 0
0.797979797979798 0.03306833813953142 0
0.8080808080808082 0.03166472832233085 0
0.8181818181818182 0.03024410523824924 0
0.8282828282828284 0.028806400700580725 0
0.8383838383838385 0.02735152311482657 0
0.8484848484848485 0.02587935766320527 0
0.8585858585858587 0.024389766479307597 0
0.8686868686868687 0.02288258881353034 0
0.8787878787878789 0.021357641189878478 0
0.888888888888889 0.01981471755467921 0
0.8989898989898991 0.01825358941771217 0
0.9090909090909092 0.01667400598622354 0
0.9191919191919192 0.015075694292256754 0
0.9292929292929294 0.013458359313703615 0
0.9393939393939394 0.011821684089450703 0
0.9494949494949496 0.01016532982896744 0
0.9595959595959597 0.008488936016662355 0
0.9696969696969697 0.0067921205113084596 0
0.9797979797979799 0.005074479640819342 0
0.98989898989899 0.00333558829264078 0
1.0 0.0015749999999999723 0
